a,b,c
-26,-37,8
-19,-96,92
-42,-26,-9
-65,41,64
-97,28,-31
86,-22,46
62,-87,84
-37,-68,-50
44,-28,-61
-74,-40,-9
-94,3,-10
-57,85,69
9,-89,26
-75,63,-40
-53,72,39
54,77,38
9,33,81
-48,45,63
56,75,-74
-1,16,-8
40,-86,64
-59,70,26
76,54,-72
62,-74,-55
79,49,-15
-57,66,76
-100,-69,-99
-64,52,97
87,49,-46
-49,-4,-28
-74,-66,44
79,-36,78
-15,-93,74
20,48,-17
-4,-18,-27
98,44,-85
2,-48,6
22,62,-89
54,-15,-90
-56,15,74
-84,49,-5
-12,60,98
-23,32,-32
-62,36,-21
60,-12,50
45,-69,-8
27,79,-92
99,-95,-48
-46,-17,55
-81,-17,-67
-96,20,94
-22,-36,33
-48,-73,-47
54,-76,-94
55,98,-48
6,-52,-66
-57,-32,96
89,-27,9
68,3,-6
30,83,36
19,-34,-10
-5,-21,78
84,52,-22
-43,7,56
26,-30,22
-73,14,-42
38,70,21
-70,-42,54
-1,-33,81
65,-76,-25
6,-47,-10
-5,18,57
48,90,18
35,-37,-97
12,-81,-76
-95,-86,1
-75,-61,80
-92,-60,23
-62,-30,-47
5,-14,52
14,5,75
49,40,-51
-35,-75,-92
95,-43,89
1,30,-91
-71,-91,-88
-20,-38,-88
-97,-50,-22
19,-15,-32
-21,-10,36
-17,-87,91
-20,-16,58
38,-16,-58
-63,29,52
-52,97,100
-2,42,-3
32,81,52
67,-80,2
-78,-17,-99
-6,85,-91
10,43,57
66,50,39
20,-56,45
93,77,3
41,0,-72
36,-14,-20
50,-88,-89
-72,60,-62
-6,99,-7
52,42,68
69,-90,30
-98,-27,-92
8,-30,-5
-65,65,-65
-42,-98,27
-42,-27,-77
-31,-85,51
58,11,-4
48,45,47
-62,66,-9
3,23,-66
-100,-75,-16
-42,-25,7
-80,-16,65
-53,55,65
66,-55,-15
17,82,-1
24,45,18
-90,89,-87
-32,39,5
72,1,64
-94,2,-100
-21,-34,-50
-70,-10,58
89,-62,78
37,68,64
-81,6,65
86,71,-58
-48,93,-48
-77,99,-85
-76,-16,48
-25,83,-99
-78,-50,-1
-57,46,95
32,-37,74
79,60,46
48,-72,14
47,94,5
-49,-92,79
-34,8,68
-23,94,-55
-9,79,-61
64,-65,26
51,75,64
-4,-9,-31
-93,-51,12
15,-12,92
-96,-45,8
-8,-2,58
16,73,61
-25,-60,87
-14,12,-64
-10,36,-51
18,85,-46
-82,-35,-47
37,30,17
12,-65,4
88,-49,-97
40,-27,-28
75,-40,9
-81,67,29
7,43,69
-93,14,77
-33,81,44
-41,61,-38
56,75,-78
66,86,-1
-44,-72,32
57,50,48
-36,-24,-96
47,-38,71
61,85,18
-90,35,-93
63,-63,-85
82,-57,15
76,12,-10
21,-45,59
-53,57,-8
49,-42,30
-20,-37,-78
-28,73,31
-65,57,38
-75,-6,53
-4,28,-57
96,91,-23
65,84,-56
85,-6,42
14,-96,-23
4,75,-16
-39,50,-76
-57,66,71
87,-24,-20
35,24,19
-77,-58,71
100,8,84
-60,91,-55
-9,-39,-58
-63,-41,-79
74,6,35
-35,-26,98
-47,60,38
34,-73,64
53,52,-98
-34,5,46
92,15,-35
-17,69,50
57,-20,11
21,-55,-41
-52,89,74
-40,-37,-23
-33,13,-94
38,-94,39
-80,-97,-40
76,0,-22
89,-80,99
22,1,-79
44,94,-56
47,-94,-95
30,74,8
100,35,94
85,-47,-11
-49,66,5
-31,22,-72
83,90,-75
-32,52,4
78,-85,87
7,-10,-25
59,-46,95
-66,67,-61
-63,-83,-100
10,-61,-64
16,-35,10
91,70,24
26,61,-68
-100,10,-86
33,-78,-81
44,-63,-86
30,90,-14
-89,-54,-11
21,49,-48
-100,70,-20
-8,-21,90
-80,-55,-78
-88,-51,-44
-60,23,0
-4,93,85
91,-65,-86
53,-20,-73
78,63,48
100,-75,-57
67,55,-18
29,60,-20
0,-11,-67
-86,89,41
-7,2,97
98,-49,61
2,-50,-61
27,-23,12
67,-92,-82
-28,22,-25
-37,86,-58
54,71,71
60,49,-9
68,38,-43
20,88,-53
-50,7,28
32,30,-27
-45,3,-64
-68,-62,59
69,23,-44
23,76,73
90,-40,-96
-78,-50,92
30,-99,-1
-4,-84,-54
47,45,-30
-66,28,-97
-8,77,-99
-75,99,57
-86,-42,-70
-46,-36,-27
-54,74,-71
28,9,-71
51,-20,11
20,-58,-95
-6,16,-90
93,72,-70
5,29,71
-25,85,77
-5,68,-10
-27,34,-55
-8,-8,-30
-68,74,15
58,-70,-58
42,-55,92
-22,-87,-9
-37,-72,-24
66,91,-63
-93,-92,90
-96,64,71
94,60,-42
-49,-93,-22
-5,-21,32
-34,41,-4
41,-59,-68
-3,72,-80
-86,-72,36
-81,64,-31
93,68,-38
-56,-67,40
40,45,-28
-66,76,-83
19,-61,-19
77,75,82
57,-84,68
94,-59,-19
-93,-99,86
-49,60,-13
-82,82,-24
-9,-99,-81
24,88,50
28,-52,44
-43,-23,94
-97,59,100
-11,-78,98
3,80,-18
-23,-72,-34
78,-35,-49
49,28,32
68,-36,-84
55,-97,45
62,-91,-23
59,-43,35
30,33,-74
-5,98,39
96,6,-41
-34,65,-83
-36,98,46
-30,-26,-61
-43,38,-47
-68,89,89
36,17,-66
63,-86,88
27,59,-26
33,49,-18
30,-59,75
-11,14,57
-17,-32,93
-38,-52,11
16,-80,55
16,68,77
58,16,-5
66,44,76
-7,36,84
-22,63,-29
-94,-44,-87
-96,-7,50
-20,11,-43
23,77,26
64,-12,-32
95,-61,-62
42,98,-2
70,52,59
0,-16,-10
-79,-21,-93
7,38,88
14,-95,-7
70,43,-1
-32,5,42
-57,49,29
66,-96,-46
10,8,38
-88,-45,-99
59,-89,52
-16,100,-18
-2,-64,66
96,85,9
-19,48,32
0,7,33
-1,-74,-93
61,-97,-2
12,100,-98
-100,-44,24
52,11,-47
-87,3,52
37,-50,94
-5,-73,90
-77,-55,76
-81,64,55
78,-9,-96
-83,-35,-70
44,49,73
-82,-24,-65
-66,45,82
64,37,-67
91,-7,72
-90,19,96
2,-89,-89
-4,83,24
14,12,16
50,68,-64
-68,71,85
52,87,-55
-64,78,-100
86,49,-82
43,-80,-18
-43,43,90
-83,-46,-5
50,69,-58
-61,31,33
-65,23,67
-48,-91,15
-85,85,11
38,0,-1
33,79,57
8,-57,-76
24,-10,-10
50,69,-20
-78,38,-11
-66,83,-28
-5,-9,-19
-34,69,-80
60,-86,32
-56,-92,15
-70,-54,2
-76,-98,64
48,-38,-79
-6,-24,99
-42,67,-17
-82,32,-10
25,-21,44
-3,61,21
31,-86,-6
91,68,-42
-66,-66,-6
-33,-9,-92
64,-77,70
91,-61,59
73,64,-58
-62,-78,-53
33,-92,-50
77,15,23
-26,-97,6
60,-83,86
-99,-83,80
-43,-81,32
-96,18,-63
12,-83,5
69,-5,-52
53,70,-62
-27,2,85
17,-43,52
61,-4,-95
-94,-66,-98
47,-98,-94
-29,80,-78
83,28,82
-13,-50,9
-41,9,-84
72,98,92
-39,10,65
-14,-79,-25
69,20,99
-40,-46,88
55,25,-53
-2,75,-85
80,-95,32
-78,96,-22
15,27,43
24,-65,-14
-40,24,21
45,53,-71
17,-40,58
81,50,1
-1,86,-31
54,-53,62
52,-78,33
-64,68,17
2,71,50
26,88,-8
-91,47,67
90,-34,57
98,96,-28
-83,45,-34
-71,94,-95
92,47,59
63,-86,9
-91,-50,-35
40,64,-52
82,26,34
-14,17,75
72,-65,46
73,91,-44
83,91,50
-83,-100,-94
34,78,-17
-37,52,42
-12,-96,100
30,58,47
-7,24,97
75,-84,17
-32,-40,67
38,-99,-43
63,16,46
-57,-58,94
54,41,-94
-20,93,-83
81,-13,-2
71,42,-48
46,-1,-67
64,40,87
22,75,33
92,33,77
78,9,10
82,-98,-2
-62,-33,58
-13,-36,-13
57,-42,14
65,27,-51
37,90,-78
72,-87,66
51,52,-5
-52,47,84
-31,-49,-75
78,-47,94
-35,73,63
-95,61,50
-35,14,-33
-21,76,-85
-15,-2,-41
-3,-71,-17
30,73,-86
-99,10,71
74,100,-53
-69,15,92
-8,-73,82
74,-52,-67
19,78,65
60,27,-91
79,15,-33
-89,1,-3
-38,-50,-85
-50,19,62
-32,-8,19
2,36,71
-83,48,-64
11,72,8
41,-47,26
-51,19,27
56,56,-84
30,3,-79
59,-96,78
43,-84,50
77,-45,-79
-14,-42,-21
-62,1,-60
90,-94,-73
50,43,38
-74,17,-13
28,-49,-40
95,14,-5
62,-46,-74
-23,19,39
-85,-80,18
3,53,72
62,83,39
-33,1,-39
-81,-66,50
-39,38,36
86,35,28
-25,-41,89
24,1,52
92,-88,-76
-14,-66,-97
-19,-49,-27
-45,-88,15
-90,-92,59
-8,-45,-71
6,86,33
70,32,7
-42,43,83
-45,70,-63
-29,-64,-21
-46,-32,41
91,13,-29
-39,36,10
-89,23,20
47,53,-76
-26,-24,36
-38,-83,59
-46,-94,18
-48,76,9
-97,-66,31
86,4,78
98,68,-55
-5,-23,11
-79,74,70
65,79,0
-13,88,41
48,54,84
-85,-20,40
-22,-52,31
-83,56,2
42,28,25
6,-21,-34
-70,38,33
2,-32,-43
-46,-93,97
38,42,-5
-7,-57,-4
29,-20,-46
3,80,30
3,-82,-54
2,21,57
-56,36,-50
-67,91,-56
15,7,76
89,-84,-41
73,84,32
-53,46,-27
17,-81,4
16,-6,22
-63,-53,13
67,-20,-63
36,18,23
50,22,9
90,32,27
68,55,57
34,-31,17
-85,51,15
-90,92,98
59,27,70
24,-41,-100
-15,96,-66
69,-80,63
52,19,-55
7,-7,31
-22,-73,15
-94,16,-89
20,0,-62
-97,-41,-62
70,26,81
15,-49,94
95,85,72
52,-30,88
-80,81,-48
42,58,58
-27,20,-45
53,52,54
53,14,-17
-74,50,5
-26,63,66
91,-84,-74
38,-55,-35
25,44,9
43,-20,-33
-65,-37,-87
-26,65,81
-21,-28,0
82,-84,-53
22,-61,25
38,-64,-44
-4,95,-21
27,49,-71
-26,-8,-100
-77,34,51
-34,-98,-21
-99,66,-50
-14,68,-5
86,43,-51
76,-3,33
-86,-71,-37
6,-87,100
70,-31,40
85,98,-1
51,82,-56
40,53,-93
86,72,-47
68,84,-57
-40,-61,49
66,89,9
-64,7,-39
-38,53,-90
-19,-55,42
97,-68,71
-21,57,91
91,52,-31
-72,-57,-45
73,-29,58
-76,-40,85
-6,-71,-26
17,28,26
-78,-91,67
46,-90,29
98,-100,69
45,-70,-99
43,-100,28
-96,25,-81
-17,-46,-24
-42,78,-38
98,-12,-34
-60,-10,-21
-15,2,12
70,35,-79
87,41,-10
-98,-31,18
55,94,-9
-36,84,-97
82,25,-88
-89,81,91
20,4,-43
82,28,-56
80,65,-99
89,-31,96
-2,-25,3
59,13,20
29,61,24
86,79,-44
79,-12,17
-23,-35,99
-13,18,99
-58,-77,63
88,-93,45
-74,-7,37
-54,27,72
51,-35,-28
-86,57,2
89,-63,83
-40,97,-61
-5,16,-30
-42,85,29
35,30,-22
-41,-73,-15
-78,17,-88
81,94,-67
-18,90,2
-74,32,-88
12,11,-49
-59,41,83
18,98,-34
95,-55,-20
19,-22,-11
24,-91,67
-77,63,52
86,-46,65
54,73,98
22,9,32
6,-5,-44
-73,18,-64
-66,2,-89
21,-71,-49
27,55,4
-63,43,-41
76,-6,63
-56,-96,-83
93,95,21
-60,75,82
-54,24,92
-98,-74,96
-89,-17,-74
-90,76,-9
-44,-30,-8
67,97,-95
-51,73,-57
90,-83,-16
-18,25,-98
72,91,2
-62,-98,46
-65,44,-36
51,19,58
-73,-92,-28
34,2,74
87,-29,-39
-20,-17,77
-43,-81,11
-77,79,43
-96,-38,-19
43,-39,53
47,91,-72
-49,78,-9
27,-100,-35
99,-50,-15
-10,-92,93
46,-81,-73
3,-11,67
21,-12,67
-86,-34,-77
-72,92,-51
96,-85,-92
43,16,15
21,-30,-76
30,99,10
-34,-2,13
61,16,59
-52,3,-72
35,-87,27
-24,63,-15
7,76,56
6,-86,88
-45,-42,-68
63,36,-94
-6,-97,-57
82,59,52
90,-90,-98
-11,-80,-62
66,-1,-90
-66,-100,-2
-48,-13,63
-65,-29,90
-45,-59,-64
85,-72,-13
-4,-74,73
30,87,-3
-58,60,-38
38,14,-73
12,-48,-57
71,-95,-92
39,-66,-54
-58,-49,-92
14,-24,-13
17,-16,99
-70,-55,0
56,99,-5
-62,81,66
62,54,35
50,48,-79
23,45,-68
-97,68,-27
30,14,-100
27,47,-15
99,-93,9
13,1,88
90,-16,-14
-38,-81,34
90,99,0
84,-52,58
88,-80,-82
59,20,25
-21,21,-68
22,-22,34
-26,35,-53
-27,-7,19
19,-21,-93
-42,75,-30
8,-93,37
-60,24,48
63,8,-55
92,99,-38
52,88,-4
-10,93,69
-38,45,-29
-48,17,-36
-55,67,86
-77,89,-83
-8,89,100
-23,-2,42
-58,-76,-20
-78,54,-71
15,-6,-90
-46,26,-46
39,62,-72
79,31,-83
35,-4,97
80,-56,53
13,53,1
-15,-60,20
76,4,-24
24,-78,-86
-50,-65,-87
14,91,-100
3,-7,-13
4,-20,61
93,-21,39
-17,65,99
-3,-2,7
13,-32,-5
-51,71,-73
32,99,34
19,60,35
100,2,74
-87,24,38
57,-46,51
-88,-100,-29
-11,-94,-64
55,28,-25
-25,-24,-28
93,-28,-89
-88,4,-24
93,-51,7
-31,83,-49
42,72,68
-97,-97,-40
-45,-46,26
-47,39,-95
-37,-83,-49
94,55,56
-74,-53,-18
-30,-64,-44
-56,-47,-1
59,24,70
-87,42,44
13,-1,65
6,17,-96
76,42,-89
-42,-7,-86
-96,-64,31
23,-18,88
-78,45,-32
-98,86,58
10,4,-27
-91,24,-65
75,53,-60
70,9,-72
44,71,74
85,16,44
-40,50,-4
3,63,66
50,-65,16
93,-35,-14
75,-57,-38
-66,-60,-19
17,-35,-72
-46,69,19
30,67,-97
-52,9,-24
-66,-78,6
45,7,60
-35,52,-82
42,-79,82
-89,19,-57
-58,-38,91
29,98,66
72,-14,-85
-48,8,26
-28,1,47
-81,-43,-41
-86,85,-30
-64,88,-76
60,84,26
-100,39,-54
70,6,58
-70,-24,70
-71,-75,41
-56,-28,-28
8,39,-58
-27,-11,-31
59,-83,29
98,-21,72
98,-53,-45
-6,31,-89
-16,-17,15
84,-27,-71
86,-78,97
36,-99,28
40,53,39
46,49,-70
-29,77,-87
-40,-29,-17
56,41,89
-73,-94,27
-93,-2,8
-26,93,3
-15,-77,79
37,-16,43
-93,-6,6
24,-96,13
-80,94,-83
-18,97,-60
69,-61,43
61,22,23
23,-66,-78
-68,-13,45
81,89,30
81,-100,91
-81,-26,-74
-98,-4,2
73,11,71
41,62,-82
-15,58,43
40,-32,-93
38,4,-78
46,91,-29
-84,88,63
83,-69,-30
56,-59,55
-22,-69,49
63,28,-46
68,-51,-13
-99,-89,46
73,-33,-33
