2023-06-23 11:35:27.995113  ([[7, 3], [3, 1], [5, 2], [1, 4], [6, 8], [4, 5], [2, 6], [8, 7]], 4)
2023-06-23 13:58:21.351820  ([[8, 4], [1, 5], [6, 8], [3, 1], [2, 3], [4, 7], [5, 2], [7, 6]], 4)
2023-06-24 12:20:04.782563  ([[2, 1], [4, 2], [3, 5], [5, 6], [6, 3], [1, 4]], 4)
2023-06-24 12:20:17.284783  ([[5, 4], [4, 1], [3, 3], [1, 2], [2, 5]], 4)
2023-06-24 12:20:17.422791  ([[1, 5], [2, 2], [4, 1], [3, 4], [5, 3]], 3)
2023-06-24 12:20:17.880817  ([[2, 2], [5, 3], [3, 4], [4, 1], [1, 5]], 2)
2023-06-24 12:20:17.890818  ([[2, 5], [3, 2], [4, 4], [1, 3], [5, 1]], 1)
2023-06-24 12:20:36.164556  ([[4, 2], [2, 1], [3, 5], [6, 3], [1, 4], [5, 6]], 4)
2023-06-24 12:21:03.838137  ([[2, 1], [3, 5], [4, 2], [1, 4], [5, 6], [6, 3]], 3)
2023-06-24 12:21:08.175386  ([[5, 1], [3, 2], [6, 4], [1, 3], [2, 6], [4, 5]], 2)
2023-06-24 12:21:32.879799  ([[2, 4], [4, 1], [3, 6], [1, 2], [5, 3], [6, 5]], 1)
2023-06-24 12:24:42.747356  ([[5, 6], [1, 7], [4, 1], [2, 5], [3, 3], [7, 2], [6, 4]], 4)
2023-06-24 12:24:56.184125  ([[7, 1], [4, 7], [6, 3], [1, 6], [2, 4], [3, 2], [5, 5]], 3)
2023-06-24 12:26:00.307792  ([[5, 1], [6, 4], [4, 5], [2, 6], [3, 2], [1, 3], [7, 7]], 2)
2023-06-24 12:26:09.740332  ([[3, 2], [5, 6], [2, 7], [6, 1], [1, 3], [7, 5], [4, 4]], 1)
